6.224567830194021	9.816876112130954	1.7534401020564196	-0.006710466944574625
7.2284494816818405	10.691383279646422	0.6421519456068429	-0.04737870730644285
6.778984616179452	10.002486117730541	-0.017841712998343473	-0.28644402751807313
7.388879896034564	10.178966309284316	1.8001775641576405	0.25917734620991545
5.785327313782927	9.677033110893037	1.2015091516211083	-0.024895145930108664
6.043252458024213	10.45308314407127	0.6726711398332272	-0.41814530308734993
6.7560243894036	10.073197316260908	-0.02427006569663437	-0.373564128176036
6.883016237024244	9.548332154719349	0.011022443699908235	0.1811340716316538
7.2173136151040795	9.568749118133706	1.8344515990981523	-0.0021977276595412927
6.881915775767266	9.86187776946872	0.028658681820421528	0.9501509952558859
7.565653650176822	9.382592245655712	1.4144066945590703	0.2184389768997038
6.284612562766498	10.02418599113642	1.8386654708151091	0.20207340679428584
7.75219313645955	9.590461529469783	0.7164906361403013	-0.6254225919695824
6.888345957268515	10.507390318142495	0.11818909400251898	0.1738881654344538
6.889054059837211	10.12873274055887	2.070611469024152	-0.50750866973826
5.9575840290898245	9.50150830678766	1.2539858184895767	-0.284398426355375
6.725208596534323	10.866973323909983	1.362521285221737	0.5587540389703125
6.334801705737592	9.368864100494648	0.40102874546090983	-0.9656798986655971
7.86974007458499	10.010963304616833	1.0966206334757735	-0.1923636141011668
7.124699202907124	9.300229023130694	1.6028320333920183	0.4166202785814788
7.530294222374617	9.677122999617383	1.728863597191579	-0.3996349572562992
6.7987160584043576	10.000431791628289	0.032897935419457514	-0.02679299776879208
6.765433875306934	10.378204974535173	1.9728510311378185	-0.775869064882098
6.798024853489274	9.941826176272631	0.061794675590621795	-1.1400804057923575
7.4642966909485535	10.690226825788482	0.8463366947531642	-0.40972098288353953
6.845726269245162	10.003967807060707	0.06352112787687336	0.22475503344746814
7.533968863143663	9.84485268122756	1.6676241120130215	-0.4125641354982298
6.755488456641289	9.997724764327383	1.9875023038357125	-0.274757164149938
7.107898525934658	9.257173917422511	0.35725959357709214	-0.21308731964831568
6.157305450411173	9.569404447619174	0.40496678521716856	-0.06313466950600635
6.632388918526547	9.908227868297413	0.045701051068366305	0.2219405342131485
7.800195563297724	10.04145469773092	1.250993819007261	-0.08296004717135234
6.894683744972953	9.999065169354783	2.030585062280604	0.46440999789766924
6.942583023484961	9.82623540519746	0.09843230991118257	-0.09345961921687283
7.500472956912077	10.550925807013817	0.955044377389126	-0.2754767061514404
6.850507293367154	10.05554471746365	2.08988475732147	0.23564956165315543
5.983128582500916	10.52506351248042	1.1731961480727897	-0.40071372615135137
6.719559271904727	9.93268880966837	-0.07436472506505298	0.278428473248104
5.999343510626595	10.470771535766886	1.3061188617760602	0.16437547398571253
6.845755381304289	9.170773311241447	0.38501175364950246	0.8830702340924874
6.464152836696849	10.400464763510207	1.8730901107070625	0.5920778398506019
7.204438858699001	9.510125671558475	0.3444110310443005	-0.3061817648093553
7.290187290354175	9.568574893257157	1.815633001099966	0.6880103649747761
6.540974359014641	9.968541026124194	1.8891167365434614	-0.6785394918087184
6.52917182596432	9.652573925515513	0.02763627699577842	0.20107891579721168
7.047208311204518	10.433878276845327	1.7472858546631094	0.5739410877738778
6.352609084672137	9.762950020621439	0.23384221005420147	0.6100901328627976
7.75791907183493	10.082414182607579	1.3124326768669663	-0.362559178215968
6.6467506345623395	10.002966436871493	1.9865600196064612	0.6353390214349071
7.151628359321469	9.71780454072602	1.9495187379872068	0.41231824228497416
7.034376608154192	9.659756062090429	1.994448916421638	0.026072591882384425
6.064876477078936	9.425648857980455	0.7529487180342235	-0.5493202955109862
6.842520406396994	10.23421703150219	1.91806227054906	-0.4888887342535537
6.835650813689284	10.21870528888683	1.935663950569963	-0.3443634149652414
6.093019608697509	10.22856829644512	0.47271881190112996	0.32654044202155763
6.510807769394669	9.600364309053276	1.8661874194642247	-0.236247518172569
6.626429987313155	10.409992121691271	0.10938381267470099	0.3978356825921131
7.630587514679721	9.75868989887013	0.5796229191017117	-0.0879652777029656
6.7965736035826625	10.001362230863434	-0.08965281860241747	0.3845843145152338
6.135269806788971	9.615069203117429	0.44423939082723474	-0.6756984837692465
7.088999142847278	9.341514525892359	1.7044563127485812	-0.24031517048850284
5.953006728379544	9.646876520422579	1.15980537687339	-0.3809515993714898
6.126874211651042	9.55163992726954	1.5192850414154244	-0.2690573215763049
6.166491327993687	10.586238075406266	1.3930941215027157	0.10971761474217091
7.04609285655501	10.043806200026479	0.07707537837515943	-1.0380841014769011
6.044938045183222	10.033055890937561	0.47035919501140366	0.38248468402512426
6.4700867526130965	10.961707856992684	1.1216298670131801	0.3267614812952432
6.934099692840161	9.90621478260686	0.007879219885420174	0.4233219324591517
7.056430534185755	9.150855803758569	1.236487289452463	-0.4391527516648667
7.038713204451431	10.367250378868155	1.8946664412732406	-0.6528743805865533
6.075166721012185	10.000984823414488	1.7131942104966593	0.27598030870606655
6.007382053591391	10.418535264826644	0.5004769724293991	1.4550065253641182
7.263058258428771	10.74945282218139	1.494711895865049	0.042215156914788186
7.096795490750921	10.416784154486415	0.12396997722345704	-0.5708154854894653
7.320311399418548	10.713645164354041	0.471098267004205	-1.1463564287451322
5.9062330388396616	10.435564307605427	1.4513758392400904	0.44299695422345414
6.588779770002065	9.805405172464102	2.0120905768282498	0.005460054729312855
6.727704875174531	10.07621571724109	0.047800406903946935	-0.017955618538621966
6.600725931891208	9.190534514386302	0.5244850473929228	-0.4142462746174418
6.47813570425392	9.679311268055631	0.08048347922699539	-0.0965702792115945
6.838112072540298	10.81647065271791	0.3728803191731077	0.37528656058135557
7.754164114403892	9.830377314940694	1.071336691005735	0.3895288489849335
7.114061409084832	11.018630783511961	0.7806780586150802	0.5901571986496711
7.15566929383427	9.941695072685041	0.01764897046417313	-0.643351316193575
7.357253125372957	9.99708590041871	0.13573668682318407	-0.5457127819660851
6.802680092461154	9.890279154285523	-0.045363239986929926	-0.3569577737029027
6.152171365150175	10.36704092323276	1.7196063883004469	-0.0733949197304067
6.822777988405786	9.903160100464676	2.0397692757286285	0.787010308179301
6.445056585718545	10.844479592370716	1.437472254019778	-0.2611536118105333
6.193155181676828	10.499668078041926	0.29847229927771035	0.7742295306864511
5.784150259254257	9.978269739719254	1.0477886969173136	-1.0453324973682365
7.138195036485293	10.197145783055653	1.812437596839204	-0.8296403362857381
7.230028220285204	10.062530094413242	0.16906875396162702	-0.8226926819373805
7.575171403105512	9.48796607529268	1.0038986973594728	1.2543341632508032
7.343714577658123	9.165611027465156	1.0160154695135621	-0.5849393148704978
6.463310513725005	9.395878468372	0.3061663765634671	-0.12762187676945708
6.727370954342536	10.912508535094464	0.6069038316734756	-0.2886217908441559
6.912861394072719	9.68613359241611	1.9882267952288217	-0.3067406887562908
6.400512739660275	9.108675927517448	1.2825111442493975	-0.0706446837612314
6.761187621732531	9.390574001517496	0.1462102245894883	0.8758017676200958
6.5344349435830935	10.437974885076242	0.21142438542962938	-0.27953821467809903
7.249318055379278	10.185616559372516	1.8830059704371627	-0.972112342117784
6.625702255156523	10.910689947778193	0.9195959324111532	0.7054086397437495
5.969921325230727	9.77097755212559	1.4022925736321703	0.3186899072230301
7.421602620213259	10.68220673850856	0.8086938017755275	-0.090957752748165
7.255499220327076	10.282182310448787	0.19934845664476097	-0.3165910014400721
6.410489757180864	9.298302363910437	1.7243035147932493	-0.49882124271353323
6.802844571466546	9.998825658365163	0.0867921420044675	-0.4907437537205645
6.60285145021256	9.885403925234748	1.9834414942943965	0.01698759042014228
6.046506192105475	10.1727641982837	1.5363232121345376	-0.48582553123641564
6.932098899198498	11.00195359796564	0.8543900886744742	0.0974728539964601
6.878722622658777	9.734382928103804	2.018838671412889	-0.9840489062251335
6.856593369031286	11.04938631746518	1.1830075602169374	-0.31644764907532363
7.105642389275313	9.151960019906648	0.7784946366741881	0.3059652251516683
7.63028894452527	10.350700409315476	0.6794100925217518	-0.14892559932888477
5.873056665363219	10.434949425548329	0.5202176865547167	-0.5706535985029255
7.337013842949212	9.131272573513542	0.8540851802599827	0.372202939265786
7.330647139172484	10.874074467271514	1.3150318903936609	-0.05084166188876458
7.173572763686424	10.869036091803837	1.294226976004445	-0.4936244814069064
6.469300619893776	10.475267344649675	1.8145331757720984	-0.32132133738390334
7.56883635909333	10.050829439913986	0.38362151257831656	-0.03280082288873693
6.254207549862294	10.820298128278928	0.977609352175902	0.645090958127667
6.7030524638032025	10.211425939864371	2.0360320534764464	-0.464173198600932
7.188779934204378	9.737944781189485	0.16825939309128246	-0.008983515711947667
5.959407516830876	10.07378254989606	0.7375874392523993	0.11417132091862019
7.606998249275404	9.977642816586071	1.4289196196259175	0.6549620568494623
7.602848354447571	9.243120683257729	1.0894574984381045	-0.04694867313192255
6.92474486672676	9.866155352006585	2.014062092087942	0.1801562035772733
6.506088048451329	9.301100925653177	0.3016230134349629	0.6918128622408767
5.865735082598946	10.38697193642482	1.2571045927860725	0.4181867046580824
7.112091930124054	9.579161931204112	0.10955648801114348	-0.8817358306945798
5.884589424185598	10.450462966479407	1.1115549797431368	-0.04379628103294754
7.640685217683141	9.450343157524125	1.0718284966995897	0.4914639483264725
6.916079719277665	10.613230075387847	1.7555607638146467	-0.5634716584221174
7.054530961285578	9.671948328774178	1.9624850372647011	0.10130320548626506
7.543762446914246	9.66806844640754	0.525281479132212	-0.13888617126328087
6.361034844133269	10.742772931524065	1.441828512179822	0.016229995517560998
6.884254003662154	9.208436030778472	0.43417525788008016	-0.3025321180633575
7.3296533311933185	9.829165247420198	0.11463606519342306	-0.4405647571855617
6.852151259518936	10.83064133102003	1.3174719906585408	0.7850900145367752
6.680319733004468	10.229286112436773	2.0040002728258273	-0.08306443741811927
6.492857606558421	10.265564762686358	0.1355072162216241	0.47216628094338914
6.765553145322559	10.092389786746681	0.04439469932730844	-0.36148925833325835
5.94117228904637	9.708131186505598	1.0752246164166797	-0.36353363515018333
7.5253073867788	9.700272844776453	0.5222443240148673	0.018660408724889697
6.069936948209147	9.734348215425197	0.4066505172750584	-0.22238046010893237
7.130330900065765	10.198637341482915	0.06973486996393574	-0.05677470563121179
6.8364090626344085	10.430688000735083	1.929682080567538	-0.6462341608446329
6.260970973389981	9.93500264171919	0.23512946519613653	0.6095714724007885
7.668165101697754	10.200810008757918	1.5906241462164015	-0.08230900023899151
7.230396245742516	9.53501864018365	0.24294694212260326	0.49693106356430106
6.7638641416747625	10.036275920623277	1.9692358217926653	-0.6670860130225988
6.468726822401504	9.90864943810786	0.10175348710703103	-0.9897891756610412
5.843968474891678	9.768878712166682	0.9991226421054133	-0.09796702005181664
6.709536711475755	9.904706487133566	1.9433895544105535	-0.043049785902866594
5.925683039953978	9.582091145440952	1.1473170759403706	-0.057304571064269144
7.410267152423961	9.692859088228436	0.26819885496492357	-0.6014729216079768
7.4922035199591654	9.248580889570011	1.0084078413623108	1.036344975042603
7.205926774609977	10.62504975620177	1.7529518861104607	0.0974656661492779
6.728864390723858	10.626429670080896	1.7208348746456248	0.015111655683576487
6.048664351335798	10.636042999790217	1.2932966030848376	0.5231643309686732
7.449835481330204	10.06128022515385	1.746343094861432	0.2918027345544669
6.935732712481933	9.687955331686892	0.09078708084571896	-0.21167175526926552
6.003823277361903	9.449333940419248	1.07245439472131	-0.6391322019553536
6.63425621863676	9.45690491617303	1.8509605076044404	0.2487362559232064
6.8448488837902906	10.054105395551472	2.027762542259675	-0.33823510347585006
7.670657012600482	10.473794726936802	1.1116586504867594	0.25896572942638446
7.546072456368089	9.335238389237949	1.5306260068609934	0.1519613812444752
6.459137926018323	10.259481523195854	1.9439599749273624	0.0787914449661728
6.792490642842554	9.98446998727714	2.048522047920132	0.9403119430731002
6.755697677166118	10.097738721529142	-0.017870819040815666	0.28749605550198637
6.70272001738801	9.863143616028566	-0.01490822997200647	0.05590527554445968
7.036827719728381	9.04872076294979	0.7522640718096194	0.38483642559731973
6.791421861884284	10.690624328605162	0.2980457963650336	-0.07517897540640639
6.45572740007848	9.56450987506115	1.884030495520983	-0.5389943686599347
6.741301777423617	10.108279073033994	1.9555774957086944	-0.283274913320933
7.120065867171478	9.188632384363766	1.5369693304171084	-0.8757195261950119
6.639943097934559	9.550612281477257	0.025580770961048938	-0.5901655106722775
6.509068428942504	9.30793161367392	1.5656478330361097	-0.2808586566868967
7.1275036485653125	9.132563407419136	1.1777776346046795	-0.2604199514783813
6.042042232790675	10.500330551218038	0.6083650111596426	0.35041624272231126
6.943495015316623	10.054169301586937	0.04603411041519134	-0.5852767326249505
6.334350279775891	10.012416041413623	0.07506530746078333	0.11849170704243722
6.683176068720725	9.319247227025375	1.7817804740647376	0.6519908486177083
6.649587672717744	9.169069874242016	1.5958464384389592	0.5806391489326043
5.990569088496406	9.562957349017452	1.128462146054207	0.06950473141581309
6.923113590944291	10.877967386324624	0.4793536773518182	0.9694034571017689
6.735583204427245	10.201867762529398	0.02474602709830953	-0.6988044720989331
6.388356369331533	10.20241415347875	1.8839071687803208	0.35501611708887265
7.710712075970002	10.32761472450935	1.3214884305383725	-0.7480873790437873
6.762673161063424	10.002296669169127	-0.0825273905465913	-0.3286805050371387
6.009855413893973	10.314421841147956	1.472115837054787	0.9035619031139993
7.007846322386927	10.011686520219069	1.9316994635522426	-0.18913847446306387
6.695779386651378	10.347471585269314	0.11401554932349	-0.09516761800754002
6.767069440813326	9.995745411373129	2.0042466178853737	-0.43030385525748643
7.369497793871573	9.23508528409919	1.294376772013744	0.06238266170695278
7.371797920715516	10.81088377547362	1.081314276901715	0.6095610725144344
5.887301811033314	9.956643824138046	1.2210845209136816	-0.28550136928783637
6.472160575431992	10.067569778197106	1.858333480652012	0.6019324473610858
6.711991561575762	10.370681361645385	0.14480175256560246	0.17054180790443615
7.299061917801321	9.772059546655093	1.824764535392097	-0.12103465436213413
6.7338172461986066	9.177880922322531	0.22821685214066934	0.3555089567285069
6.017197787422128	10.022411000301414	0.3664847928119094	0.15745160787005416
7.669975887983963	10.209024002686897	1.0681618968887094	-0.6637404312408434
6.799383433687093	10.841654799028518	1.4345535454043716	1.1855010509323123
6.678475542322207	9.747923472606786	1.9400393603498292	-0.822692492778818
7.460128368000498	9.934921746012671	1.7038915675145105	0.8616837240570029
6.300485717258038	9.231137374893375	0.9238264294953383	0.4483891382237691
6.73274935154057	9.083395848872236	0.7033602710237482	-0.025641649884000754
6.326875477822041	10.186192206759422	1.8949669258170436	-0.7010941993132981
6.087568076760227	10.108132015134089	0.38544903773715444	0.3802527651666317
7.344943247666803	10.876186719255491	1.239973492363416	-0.2611610083796291
6.956515642783417	9.835316870053754	0.023138793511998212	-0.5200283626563148
5.969361298098122	9.600342205324974	1.3513114306373915	-0.013919394473887313
6.943978943894684	9.762592540912898	0.03935130877790638	0.19254695704877678
7.10166147676288	9.193951734858224	0.6002427515529539	-0.6329466700107765
7.277538811403909	10.809590268456727	1.1716722144592004	-0.45990745878629236
6.280799476230388	9.870259507834573	1.8553405139172416	-0.3366635428030509
7.024478957891737	10.04226159986725	1.9740751635147271	-0.6335314849124437
7.372405317392888	10.46594249474934	1.721501627195846	-0.3818023582761402
6.418569538482717	10.273801724772778	1.8215089199143368	-0.15102481502567508
7.202924837708954	9.741281811415572	0.0876453258619414	0.25662843509648586
7.020866850702988	9.392413743891327	1.6192835494455577	-0.06617889922715421
6.701116612675857	10.028766836139441	0.005510758187218245	-0.3189988380736369
6.75557548070985	10.307731591710697	1.9006607153019235	0.07672018399954647
7.051865202518392	9.104575960157213	1.225226524287147	0.14709082465015935
6.822199870112677	9.974096188379225	0.05408824464386208	0.09230671566370383
6.7392873695079265	9.96523014970236	1.9858650345569835	0.8354950140088074
6.019293238122013	10.413242936043904	1.3705462993799653	-0.6817560391072461
7.04075887923483	9.788550398130091	0.16022257705968945	-0.5444904904791537
6.426472912972142	9.766901208790728	0.06545656318555693	-0.3877099681377027
7.371737997890226	10.32323203343498	1.635181626263088	-0.370584665742056
7.020478222995075	9.827736158705862	-0.02841063367397001	-0.6346874395912862
6.27449839507909	10.738887357005545	0.6624911710698136	-0.1082356077335061
5.973906669460259	9.942988332825042	0.5405268062203707	-0.06711129198490258
7.074637915996396	9.921076282421442	2.0195739597195406	0.23558319006601686
6.933838677261906	10.032639779908235	0.0035217312172811654	0.25514473546604727
5.988007775559946	10.556821676916227	1.1387826013307751	-0.10959521618561427
7.085628287507447	9.140359020851033	1.4379922920250168	-1.1866010166520846
6.54956840166099	9.514156446429578	1.7816120590620648	-0.16071214953358534
7.6543515692032855	9.777702670040428	1.5319395392204718	0.8347811120911042
6.7775242102056446	10.33377460461228	1.9970309770086159	-0.40510349689415465
6.217553854301768	9.812216586316428	1.8105964218121944	0.9030721063644486
7.6770577267087425	9.567517564059099	0.791595488511899	-0.9728855519177426
5.927208684566364	10.408643252470663	1.357063630870333	-0.4496932345445392
6.506148356465279	10.909818090505826	0.9568677099827194	-0.6344037771366849
6.58446555145057	9.045254043826457	0.8513585853516441	0.5425493890433579
7.583357822019315	9.682194297503212	1.5759317956944743	0.26314833122725845
6.510755428940794	9.128198757899906	0.4970634637016772	0.4599363242586639
6.054035466813038	9.503646551040632	1.2487365746212973	0.3394202249571949
7.005288174139116	9.545879619305124	0.14990079646455945	0.22030293612007956
6.481237695650192	9.152223611862304	0.5130332408001779	0.16909326094675986
7.6658622772031135	10.216468284890079	0.5104145496235377	-0.37003502901122215
6.636172490262453	9.028696070889978	1.2159856453371543	-0.396699056382958
7.571216380693956	9.41960763512188	1.1614046296087146	-0.21165902518094853
5.946515029311368	10.451554478340825	1.2516719745100249	-0.2886133803321437
5.923841744334614	10.39504007545625	0.9089146535685422	-0.7323679431523291
6.68961049838934	9.980796666280384	1.976761551005261	0.7706741637532697
6.917771756328268	10.93736736313772	0.9875330202239337	0.08481126195030583
7.070504326947999	10.813435862842535	1.4618087334202232	0.640187520715979
6.915313084953438	10.077938908629742	1.9933841797989729	-0.14361135470650663
6.110203617154347	10.0046534693601	1.7824840394327774	-0.5600362066242872
7.0788784466843495	9.519857792770416	1.8084510625534373	0.12557018660638325
6.674703352943721	10.411685839376895	1.8077585652470207	0.2222011548196485
6.473724220836756	10.390876848562904	0.09275711680803467	0.0031086304446134136
6.536076191694304	10.44808115297449	0.20010072006647794	-0.1967611618986162
6.94669354606876	8.9885227743224	0.884990782013984	-0.4420312645299154
6.729892412649272	9.771966181002295	2.0294530124126133	-0.3479114555416771
6.392962059263791	10.375998206178313	1.7839222924104088	-0.5022663704481811
7.372087432334029	10.581483471798872	0.5519582568313239	0.5705537702164204
7.535938405809172	9.463682860515998	1.3332748307069804	-0.8240846885875684
7.155178143027333	9.859836057054439	1.8651494210991841	-0.10175645963983919
7.193508584328332	10.651457632520298	0.33839045562038583	-0.25000146588778366
7.289011920453251	9.875574000582255	1.8565649602119774	-0.5911900496858133
6.908996752579653	10.74907403698244	1.6182126900286677	0.24442811178909762
6.079887149351782	9.360426017220622	1.118631449387716	-0.367951432464818
6.742941133726933	10.184773612254244	2.078632949034012	0.325409179873552
6.511579867167447	9.094141066388325	1.4313076848357675	-0.14317042073940162
6.87677879561687	10.23754368418274	0.06317084765843506	-0.18067048948176723
6.717654211874022	9.956994513491335	0.039046459014078105	-0.4053255175230507
7.305789259104091	10.533943653217865	1.6374973030202136	-0.3181819265031265
6.747257056684193	9.782136841064375	0.07953848625694793	0.3195549178529493
7.4900286494714265	9.96484615655291	0.3243748009118099	-0.01645017633495459
7.534840195451939	9.737334675730525	0.25888390874516076	0.3469135378920629
7.285717601346801	10.301591916835992	1.840296144599114	0.12833531739476517
7.7568670259264	9.559957634537898	0.9941817620133986	-0.31114765883503676
6.161889501906473	9.472116643059406	0.48044381571118755	0.3826769223923496
7.460649292958073	10.340384446224794	0.3440261487951354	-0.328131532430407
6.661872757228407	9.012200731951056	1.0971075396000378	-0.14830927187106907
6.77923222567764	10.60451460406677	1.7775664987600495	0.3374613469107533
6.800016449075524	9.999133911934969	-0.04240200474574585	1.1605694585062631
6.787529422896024	9.921128792052636	0.044518950349273556	-0.6766887249525296
7.785463884516957	10.11717589971415	1.0780704804000834	0.2733067710069736
6.326867552868234	10.752410985580498	0.7270060377465234	-0.9954556359170481
7.550660128927992	10.506472953138346	0.9364338508065314	-0.19189315960628867
7.329779526664885	10.741307849758858	0.608567665532074	-0.06908033016525386
7.182270623207873	9.64112463986653	1.951207246611406	-0.2599217346049467
6.518152264286817	9.154423423112851	0.535961977785097	0.4866241980090701
6.591501350181893	10.051348026264355	0.033562003767032556	0.09208364085784554
7.090114960629798	10.965348004659376	1.254484070066423	-0.09095412892293142
7.193329482172608	10.717966134612016	1.4401643676735645	0.40826041159028253
6.122963173830005	9.343525759935927	1.401150299410029	0.30626300795492656
6.102981007174607	9.81074511404876	1.7587161893594465	0.26987251936054685
6.235111688619039	9.527046577209378	0.28416250419848577	-0.536944954687379
6.058472208291522	10.264923615665682	1.4684480156037107	-0.580701723233854
6.035263127596512	9.60983752152138	0.5225012366767149	0.10887520478046905
7.367504732761171	9.946016411766092	0.3380343129292793	-0.06550164801171118
7.048753445047877	8.991800613899168	1.2885879343729152	-0.15369756543892982
6.877205898003072	10.902940292655247	0.6024865417395531	0.7915021390469485
6.66836524160249	9.17755935229428	1.591519374382242	0.05179413953218684
6.34236731570058	10.704637786407982	0.4481528741821107	0.1720271790637203
7.015223230446873	9.54601965469734	0.04039454621782945	-0.5822986890290268
6.804548321367747	10.073143618050235	1.9740815877320537	-0.9151812452964283
7.2926949896745965	9.33550291715293	1.5889545079459024	0.2751504507708896
5.8424464106766285	9.61715609767957	1.0741216588638043	-0.05663462530744263
6.872789703702179	10.959921172765222	0.9288726536321401	-0.563700493064832
7.04197025706901	10.189688419605524	1.9868041309294382	-0.5664413560481741
6.771770290334084	9.725606986646925	1.9741838594507926	-0.8670576619912582
6.242455478611635	9.354068535876506	0.4900579251809073	0.37651853091372095
5.926865111664333	10.59813098056607	0.7865033135071733	0.8166457969803759
6.108874274789905	9.185747326821536	0.7852213662101013	0.10247103151019912
6.771544350857098	9.352269061969626	0.2290447011064637	-0.4002843211971057
6.974828804046257	9.201604517250203	1.3555498646305661	0.3267434679424542
7.134480650216844	10.147079108413825	0.08298915529345763	0.5759902089316474
7.036676739142501	9.94258425860597	0.0615598569521707	-0.4193606110496906
6.534318203545328	10.530764781193504	0.17766937438811237	-1.5708766385240684
6.8212186555665815	10.586814087657391	0.2244161450211729	-0.08791147192948254
6.773403321176819	10.44539019857634	0.12818603304757725	0.07205080358584443
7.123685006400121	9.244436781381854	1.4682427559907294	0.15126761714326747
6.552376540781538	10.183298871243869	1.8813078716056761	0.5459913229071133
6.6185411233749045	9.960434669194305	-0.07794342023341683	-0.31397845060005153
5.911981724334952	9.49685637371504	0.9209705735762169	-0.136121183853687
7.177462299374323	10.178527552930209	0.06260123250548211	0.062359401392772414
7.570522010710561	9.672578966778632	1.342522621893929	0.307274232445133
6.341592842884663	10.628827960286715	1.5963033384734102	0.39556566230160234
6.593891196008711	10.292114996868971	0.0840731202537166	-0.16904078763029645
6.34217093768441	9.835228243523499	0.09925762250264325	0.0746310458810286
7.71175377693201	10.239532190491863	1.0871563570681417	0.5074505424755631
6.333545359405454	10.824374167577293	0.9952431626455536	-0.6382673813348744
6.724633815819307	10.962376909255314	0.5475306154021469	0.5031704721426873
5.825275903825989	9.825838824322483	1.023137482919618	-0.27775503507795885
7.1037402429399545	10.216903226995784	1.9410139221522886	0.28293840300458467
6.253043886016097	10.142219462652877	0.11062971050103076	0.3907879872954992
7.670396840541899	10.262444785620085	1.5858413984106374	-0.7779798406842667
6.785753227041483	10.35135941315937	1.9223348525464141	0.27164988472747886
6.396516028392901	9.341877927255267	0.3997021452393963	0.008995276536698443
6.925310844543097	9.671327808114851	0.04215024794426525	0.604771177706418
7.6339727161925	9.794737369159948	0.46164060136261187	-0.294274376888309
6.639734577680016	10.115382510199485	2.007062891587182	-0.14500793956627026
7.124819455872032	10.173029113321645	0.021508555199063584	-0.3888323926161799
7.6594201605309395	9.624731450587444	1.2986007406076647	0.2706709348102466
6.497460598955525	10.938730412146551	1.034136171697565	0.15662533839098045
7.758394884483764	9.765133174460688	1.2507122227204575	-0.5251003796464934
7.164850850652544	9.08570395239709	0.6139801417882662	0.3473725445530277
6.503134409154015	10.931727350627584	1.2866786974080846	0.12034982190491071
5.83656098273304	9.635676242925777	0.8940962659973299	0.2839822057281083
7.337081148942634	10.194763382151539	1.7687989828465907	0.4826125663835743
6.815896453315274	10.563115949474307	0.17091450888748938	0.010958439620686026
6.9533333566814	10.088676823351284	1.864557083767735	0.6883909198401887
6.147319839580515	10.572060066054249	0.6671208045142145	0.36581150289990827
6.228458370034431	10.517342585132882	1.6436424828548961	-1.2179465108722025
6.880889451977192	9.229589169933936	0.4604001589037564	-0.4909663256220155
6.831310297419702	9.708696187190009	0.001875555470733481	0.5251940404614776
6.356648300464075	9.61846937981798	1.880096926463843	0.5648201332786718
6.921126413077621	10.654488467936504	1.715034834686116	0.6947813892777166
6.802504352163971	9.979042545148165	1.991560785708887	0.2631546136424053
6.362756838292897	10.567552633864588	0.25729218722185787	0.6493543618075054
6.6026662504088725	9.405761234381773	0.09811391905002742	0.9503545995924542
6.528625370066648	10.963606211327209	0.9064987722511277	0.11464172896304249
6.631904717317104	10.114597655154734	-0.04140655093136347	-0.788144101669367
7.303280080074117	9.361879233737337	1.6614585090833978	0.014002048489846422
6.6758718326767745	9.159897541487638	0.43970363833693893	-0.9386945333284161
5.87114968588327	9.743383061300857	1.5371007126406964	0.020756010781105467
6.887215465968619	9.365286855909137	1.724014573512072	-0.1685806000659554
6.836475059334171	10.099203709349242	0.019034933300114076	0.9885269310550158
6.774896314403482	10.021592570576717	-0.026699824819877538	0.1246841038771267
6.810699645120641	10.09512780399288	1.9966549748147135	-0.0809886589012589
6.739808358262122	9.95095264479561	2.0191473877561856	-0.49420872977927444
6.854246427940576	9.857315893081784	0.0715509242275687	0.39707383651482203
6.39963239367984	9.725171324712885	1.8372420956156519	-0.22452804320847444
7.10487824750314	9.976664814192329	1.928363887907186	-0.42356674962375845
7.321109835963476	9.483089391589301	0.3944162720016091	-0.6159216431892557
6.627745621589556	9.568506376216341	1.8675480746289477	-0.7932714034983872
6.211199106310819	10.597587763901855	0.40118851129732525	-1.6102236183098158
6.808161786153654	10.017723422078095	1.9691890455262255	-1.3109404846365622
7.356561766189915	10.859345073030815	0.8764009694043813	-0.9733361460807992
6.844443028263238	8.984472959784751	0.6810195352575497	0.8975757827606707
5.853153038565779	9.885923792835756	1.20030939719712	-0.2832305205392691
6.817137775965941	10.071922736897783	-0.10652741065929328	-0.6440055789276319
7.43528309855955	9.742888200801652	0.26736434303842915	-0.1080740379553641
6.855020613881913	9.961830528268084	2.050283269367392	0.05176671563155024
6.741220876191629	10.064560317439604	-0.037923304386066725	-0.5200779317028796
6.098003223978703	9.683846834518029	0.3561812876779312	-0.009154825758656773
6.870403560614383	9.64119487221231	0.0873944801627291	-0.4843120467786219
7.68215559903649	9.55482564412069	1.2471797858688456	-1.3809647163647447
6.771018405396499	9.973995682308978	2.0444047769614233	0.31041022125191214
6.213443551948239	9.33384961410344	0.6525739481108991	-0.10848909993763416
7.54830829550142	10.207726171377143	0.2763721895774668	0.0015900680759845327
6.501723158912726	9.942257064541169	1.9463639810352587	-0.4094553664719211
7.353705017432875	10.209225486053118	1.8860751005288865	-0.1304514346961731
7.364313595319318	10.18946164323101	0.17073203226739264	0.14592702371341293
6.798601666085834	9.982116177965331	1.97187297670776	0.5242337622722506
6.494100622520504	9.602322871549394	1.8311548279755496	-0.6964224750908066
7.314953928227734	10.138084492048122	0.20165312279634773	-0.11057568833476147
7.499857183250312	9.398936086378416	1.295190838578597	-0.8984443782221773
7.142747244460307	9.765287383759073	1.9447130650774693	0.2535962551340077
7.062560736017098	10.30623908203156	0.06432101029902526	0.6661414268712053
6.68816416726016	10.161690114612659	2.0272181350033014	-0.3534055986863361
5.902373324308377	10.261343433809333	1.4323856990254074	1.0851133717666939
7.147668346767437	9.943576019418463	1.9855761979387045	0.5997776296932115
6.909565908852875	10.294104710562063	1.9618537614905123	-0.22782112202273655
6.470747574286038	9.72812658173353	1.949561866131332	-0.408424902507362
6.088170784210498	10.586055062118733	1.5040351401251393	-0.2081685401886509
6.315951573947584	9.987104624477206	0.13064014093873566	-0.4331612696590972
7.2586676255009595	10.592725891719509	1.6644433922216786	-0.8341602344489966
6.5821481293912205	9.215525270749204	1.4824010192250177	1.0112597083710422
6.545470013800354	10.963919916610482	0.933497267909926	-0.6387358901445532
7.759983860241512	9.524762448662733	0.7923542538418411	-0.3496867155932455
7.469856183496708	9.34242205248736	0.6887010543892299	-0.12753724313704104
6.9502598292873286	9.735113827589858	0.06159530304963856	-0.5318556877953239
6.447533897571803	9.077051310025608	1.258959594112802	-0.1414433228627055
6.985211817133195	10.183954467705233	1.9872655208457446	0.16756533221989248
7.6244438905890926	9.548792756524218	0.5940358564733675	0.34673213267122077
7.538869318762816	9.638698264550028	0.505930534466538	-1.3339839846457324
6.931386108508414	10.930582524173689	0.6741016084387723	0.1464821855653659
6.898205925555546	9.50203975671546	1.9064722466335047	-0.06943626775679608
7.067509821741067	10.92983155040535	1.1713119259851523	-0.6420759041426054
7.299268977501427	10.724900628411117	1.2922099675253058	-0.44229583330754635
7.326073085276502	10.638413490448636	1.3726896878243777	0.04679234306569282
6.591414716918278	10.472529795575118	0.17608992755885244	-0.1456700817043029
7.5086105395665355	10.40349214102224	0.5083371974505094	0.34462516085724476
6.7423457887631315	10.313160538521979	1.916420132182641	0.9717340127540647
7.059019026261929	9.18449193065611	1.5150251513653803	0.3558126629671524
7.712916558435336	9.695428208807353	1.3262351161510433	-0.2249931229962647
6.732933533723015	10.286699424042627	0.004936655252717692	0.5329504447153981
6.657903570803457	9.659387186154978	1.9279364729328885	-0.05206782044170473
6.302078742067804	10.009196575132865	0.2320890687699555	-0.6011947008159493
7.2939692765952735	10.488779541607704	0.3052826490477927	-0.8683782147147406
6.245189511110754	9.443255382545175	0.49282713376763376	0.3799533671808128
6.533523231202541	9.193660536025158	1.3790418065743588	0.1814602140851178
5.8907507185354815	10.084103659366315	0.671604988478391	-0.9107435433029712
6.88860493006299	10.674513352191068	0.33810522173647306	-0.8475251627767945
6.856420738147805	9.136125813450157	1.649119506601216	0.38932008542258606
6.67917738029876	10.118258077653403	1.9328183175456843	-0.30655020609526523
6.724410178871326	11.01326452122873	0.8459143022249329	0.2983656681416874
6.927431146715717	10.788836504722024	1.6634636908177178	0.39532207086341076
6.453424608315461	9.880159957738442	1.8243060006128462	1.1191011792544665
7.622081215012462	10.374893041533797	1.2920949941300417	-0.9524766514319414
6.423879965269366	9.780851041076989	1.9647528007436665	0.2040368904645566
6.490092534312296	9.039102520560109	0.8718182657521277	0.4242697397423931
7.12000954652104	9.116594659219645	1.0053481930944668	-0.0195090898672085
6.716098956709074	10.06743310707711	-0.009984527494995232	0.27992395733255426
7.392137337488561	10.81803277748776	0.7557656615272996	-0.6400562794503198
6.671187613806271	9.327832700412761	0.2799831306463585	-0.1484621284343866
6.718451101118861	9.7146883634393	1.9389593448352134	0.2966734419217102
6.273297830616945	9.907694737117106	0.1464672184086987	-0.3013444830249562
6.781199980211654	9.118067714334046	0.5119130984040239	-0.25256334303230676
6.382041176937142	9.006865395745011	1.1432038883297628	-0.3127105720497508
6.834240060453561	9.973474991808564	2.037481670233128	0.14451363590438226
6.230460151222973	10.83447368524706	1.0746704593692744	0.2365619119104358
7.730280542424494	10.444603559213181	1.1736481999542776	0.2235680356653033
7.683107750153148	10.28089307807789	0.4866015157400905	-0.151084182254657
6.672825279955923	9.905283347010677	0.02373661873305699	-0.1155305803079159
7.283416569107892	10.713970093824663	1.4670725440854353	0.6652243973719721
6.859163083890103	10.795492126081855	0.5229233852588838	0.6738428213048421
6.622726770633871	10.160333891271385	-0.02429412652501539	-0.33356360822211895
6.653472153857477	10.708571084667959	1.7515521331119035	-0.18774684634996358
7.735443342480295	9.926529690082388	1.440915665060116	0.5078001763088996
6.39716907100129	9.283581193076277	0.3110722908646407	0.6065136676145945
6.628552269853796	10.002309650682994	1.9397293428919617	0.9256266569848529
6.350245719535131	9.702027936101635	1.787542707722399	0.07516353389667925
7.120532151248625	9.508982177170314	0.2022375737025186	-0.40499271469079484
6.574832821853407	10.391706104175219	1.9077981382262936	0.7607367965302703
6.762725472089029	10.023111645156211	2.0069877861594194	-0.07597640644966848
7.719436906091336	9.691673197304405	1.0559181179241524	0.1518876477339767
6.289632093677775	10.584706845827359	0.23584292056652534	0.039764187822416315
7.420310084732012	9.612591360504016	1.687287119675203	-0.14679051560624695
7.19537918693838	10.196209853048185	0.09023076595545043	-0.5166198043530497
7.024573220346184	10.38706617998405	0.10804614987883143	0.27290195089400654
6.229461060226407	9.876402829703835	1.620121755206934	0.00772197292764914
6.818040074680072	9.484136592159604	1.8581188590110922	1.040825095020764
7.31989108733353	9.666647969041424	1.7736210503974918	-0.5496803621702957
7.179192673027108	9.102551954126838	0.9747276770287223	-0.30070602096399146
6.716814981438317	9.159671151568022	0.32647764709959826	0.4777884057512246
7.7045734064269205	10.29646513544601	0.9226947367315809	-0.8438244140570107
7.112104279654131	10.05124745868666	1.9261533275154386	0.17837634248584594
6.504481872772259	9.486447088453076	1.770192383512961	0.21090546408960548
7.431286153919279	9.580042011480378	0.38193484413940815	1.0495726459579064
7.081298882409044	9.332501518042044	0.2930838836143589	0.6619013769772621
7.534804953203182	9.343242348070072	0.6802325403952355	0.12199855586418396
6.805169638666194	10.283128850305449	1.8723381659620362	-0.01549064726910238
6.851594608642721	10.498929711515945	1.9024221657768432	-0.5465182155437537
7.771626837847404	10.339114755330822	1.1942089020975524	-0.12853017441432013
6.389004653724807	10.051457183953236	1.933447160755859	0.7699176812208113
6.387641628454223	9.75322908141501	1.8861188895535608	1.0508245538749248
6.888474917879686	9.946859261609553	1.986328350637022	-0.2538661503411419
6.876074342985769	10.123919960054407	2.031500833267451	0.4110971542636094
6.971425346151251	9.753323470269082	1.9010120703807591	-0.3507645246690199
7.178932062058983	10.846990444308993	1.4855826934532232	0.7213517517352329
7.459462492154578	9.883855195997455	1.5320948531810783	0.44155582597926263
6.602529945569	9.944181565742701	2.032764025881915	-0.6493007361773918
7.1539729456739805	9.825532078428465	1.9745286346373854	0.28929031281521883
6.676589439412468	10.176176211188938	0.05279420131619794	-0.7227597509047696
6.989423765558577	9.712503040778032	-0.000535293693084915	0.46190005834595155
7.501667997187999	9.499175088783806	0.6869910685226479	0.14571624617520434
7.761777299893059	9.80428673446987	0.86373121551085	0.919566566335125
7.414802553662336	9.784499727735026	1.780563013988992	0.06031220502299409
6.083382781807865	10.783091569140842	1.291611075832766	-0.24939639569265046
6.984524358125726	10.27989002229646	0.12588354315789196	0.19527556797251067
7.497353653112243	10.675465614681316	0.791465529959247	0.027357995029754806
6.476670917872475	9.86459768659383	0.14053581779737767	0.14871332653575164
7.155498976950749	10.146501612225244	1.9091558379494602	1.220688621009717
6.058749836740461	10.044346394781947	0.3673790536203585	-0.5944065124521192
5.860590545259949	10.082236449578046	1.3828565469553686	0.06223905437642058
6.238345869162261	10.231612233339144	1.8036831293500675	-0.12645893812303793
6.616266511706272	10.168013061463851	1.8970511173921356	-0.05135527979737918
7.2224916451505665	10.2227559374571	0.06566621443051213	0.24972176153004932
6.015030611600395	10.766472740206865	0.9185272290518148	-0.1813732161752681
6.820981213845731	9.808615518523814	0.01622635649181947	-0.36204532696426284
6.7359539664948676	9.989910643302183	2.0555653028814715	-1.5537425733986934
6.003673015215003	10.534069704277583	0.6539668318530564	-0.3563050673395713
7.394609335036266	10.193345626706869	0.21524212408874877	-0.2979697755895757
6.383647485216095	10.318870152694915	0.1618232958465503	-0.29773546282917696
7.1652591202385665	10.838010070263259	1.414646986526199	0.3145475859575664
6.979493741257046	10.633295882759157	0.28232589136104835	0.12323422523560644
6.152126073759346	10.019742840381099	0.27969214279300814	-0.804098835515143
6.1725623154164575	9.151119098522875	1.1765310423328756	0.006477471380831051
7.066175815209858	10.893394083049952	1.063155085945689	0.6660299811102051
6.854911803238959	9.018657740153309	1.3254838611501703	0.7464584061535676
6.197772510450522	9.269214556826066	0.7741266813466471	-0.5050036192948274
6.827012331424969	10.012470835114542	2.023346421776733	-0.1490975129680795
6.967640608148856	9.373869351340009	0.27945878962617643	-0.18917852688909936
5.864795493931409	10.32183781409745	1.1318719767148397	0.8623038628323926
6.830647801758798	10.157967259312393	0.07169840875386047	0.13938642578135732
7.7105478334105815	9.708964588510874	1.1710007178856605	-0.2396705959322567
6.465600815525055	9.996942951562076	1.9790125255654822	-0.43650638134072844
6.520768574232782	10.231069240175414	0.062298550512105755	-0.38654482383266947
6.896307105156269	9.877617927640255	2.0891844159590294	-0.4090491366414921
6.682922291118423	10.016780231306166	1.9448812976694407	-0.27463205289209225
7.195641565556459	9.11813591900615	0.646322948126709	0.907637503688842
6.201400176174881	10.091953104077922	1.7424118663583916	-0.19492107425348518
7.66707890367104	9.99314249837385	0.5335644633274912	-0.3573843300944307
6.832232906245611	10.994807594453595	1.0076812859450683	-0.050250988632588416
6.3545276760523155	10.887814710296404	0.6900685209925354	0.08396240800626728
6.037141101294699	10.556003966688339	0.9166149528482177	0.06041401580569696
7.695043608153431	10.360328733863922	0.5867623523701575	0.023514277371261834
7.724607621897607	9.845631539224021	0.5817536236224312	-0.3837904390782515
6.3773527932091465	9.367411832106795	0.30858857460213274	-0.36588112032808734
6.537761775748631	9.340456148174566	1.7741636037755568	0.806660835994928
6.112138680687381	9.876222499480392	0.31209636385753226	0.8773775286779624
6.869115748772756	10.494293050984734	0.11015087284465264	0.27134922726973665
6.224957303275189	9.298247280365015	1.4508918512520919	-0.38900522723513176
6.765978765721994	10.161749382347606	0.011624622743622637	-0.1696628908548345
7.474039647744311	9.229400572925362	1.3101190643558138	-0.20650857084845622
6.208960581214354	9.4335827945521	1.622970405262513	-0.04328143285111062
6.253171098049762	10.645389652945493	0.5869897226068108	0.05143945464550025
5.978419695298676	9.924406360684348	1.536708536993014	-0.5968735184681815
6.55162192909387	9.073718702132354	0.8274114844873149	0.5448341364782283
5.793317922787469	9.985269807084029	0.885185147826515	-0.27399088157972606
6.385804957445738	9.138000846410726	0.6976174781842355	0.005847595956951883
6.149242742641885	9.188635536563217	1.2672946769956355	-0.8284079905368394
6.779591205061738	9.752388607300835	2.0826276154461194	0.20638290033829923
7.192579283393595	10.047153370236911	0.06836924894989993	0.716472677733307
6.548628603328684	10.16225260126706	0.002889108245663352	-0.4099890045592213
7.670794736138937	10.451131838268417	0.6901226051288262	0.6466130221333876
7.0592259365328065	9.637781136490805	0.046485514960798446	0.055382715918801374
6.509463653595377	9.791413471814943	0.05175935069648918	0.6104119502602985
6.070381324468806	10.072299051142826	1.7023433721331256	-0.02272306403762901
6.131925172769598	10.614937949084004	1.1206234099142647	-0.34962180556585454
5.833358995650318	9.906671150053793	0.7790107430437687	0.2937857612247182
6.386745275102372	10.032497017979477	1.9098594395844395	-0.7450662878512455
7.444475959079277	10.725668498180552	1.1715918712978173	-0.4940514379463595
7.255787045568784	9.876111122832919	1.880407673089344	-0.08981570314236503
7.299342749374789	10.815736339343871	0.8716789697056543	0.21274133172822898
7.549740503886965	9.493009759864515	0.9185611381392861	0.1826838585561707
6.499932588859373	10.75375883412535	0.4392750840071582	-0.44597136240040336
6.365896365441818	10.483745337828859	0.1992207775652297	-0.6984368803939278
6.349917488367374	10.353276085891604	0.1958136120477063	-0.06611535570461141
6.984864868006699	9.061162915646491	1.3382361910839278	0.23150318918762078
7.679198473030364	10.227700737066632	0.8026942785732458	0.25902054102332167
7.660997299838097	9.688555857527822	0.5406073801161377	-0.726188482929666
7.376060039412252	10.68395826555083	1.5723814713244473	0.47514902068205334
6.790644774613266	9.9929770137728	2.085859989294554	-0.46872436470077106
7.289685647005855	10.174581855494031	1.957668141806085	0.319269741312965
7.298267877005738	10.184525612332992	1.8992115887869825	0.3357857177729859
7.634501852900411	10.435005589147151	1.1996723581018527	-0.05917944013443177
6.733537534272627	10.231309665028764	-0.03148950195988487	-0.026254372478331824
7.2191951811817106	10.527387572604688	1.7918145035332136	0.03645743025867627
6.716146418003702	9.611856637340862	0.12858567637392526	-0.21198693784004188
7.1096658683238925	9.827848074318007	1.8996678305688888	-0.5579917621844983
6.24282665438181	10.583783190392515	1.5442051646552906	0.33596746257717053
5.9005439401751	10.157844148489291	1.4650129282106303	1.1167783930807251
6.308248519360434	9.697442967013643	0.11941283995067609	-1.1440043960451984
6.8635527286616975	10.011980924421987	2.0197819339465326	-0.23338367985469236
6.933655115547872	10.276856318920336	1.9026198045822524	-0.09001014792466758
7.589590802437267	10.444789946340578	0.523189909688144	-0.013452282758380759
6.622944124462886	10.056245835615348	1.999425383770895	-0.18760423256206352
7.087395642716897	9.798514001460884	1.873605492994783	0.43091143551408767
7.18448657031884	10.94948912650973	1.1827863342431297	-0.6115516971506448
7.218806916708976	10.775018311329136	1.5122623059251343	-0.23953134135667428
7.566916987317004	9.644147024235705	1.4160645326341756	0.024905170812297903
6.514218530802931	9.790454483179095	0.14741320916821277	0.03378294375711213
6.025791721542653	9.431643051821192	0.6759876952740569	-0.13346146871890233
6.22380710159001	10.72044946512372	1.40534182960106	1.197892514867106
6.47275261993314	10.37126247228069	0.19972698023923707	0.5008972509680583
6.253108192072485	9.175446293982	0.5989412664325222	0.0987109089517712
6.937164361868551	10.223434451645222	1.9651035413330384	0.0962328014499885
6.547679165196017	9.682369774098328	0.12565964412205122	-0.09254623679522174
5.867477292158343	10.206978806073879	1.328460509035767	0.6806029340820828
6.880054002179237	10.125734264034584	0.0395001972906015	-0.045661443790377815
6.715718283684314	10.30372954880028	2.0039567948894255	0.6060095779301818
6.732089255602455	10.795487895850817	1.6524804062506364	-0.25839225552923406
7.439980043062354	10.118943448175699	1.685466241960603	0.20591448011736774
6.3733868536540585	10.722340797309887	1.675805865661383	0.9212553009818335
6.962593002771765	9.796857831793666	1.9129601482590197	-0.6082212155868632
7.329184900844186	9.167588095473052	0.908094665424832	-0.5238320023804574
6.626990284761796	10.60831411727096	0.22739532476417734	0.0429298340320437
6.8434500710847415	9.146963045686931	0.6099010326880571	0.31202163924563314
6.480232167972534	9.173772223455803	1.2996954481507292	-0.44224551093316095
7.661932325272675	10.450315715993156	1.3120868877639573	-0.7396349444129662
6.3777081401741595	10.839622270128107	1.3644611610204227	-0.10700230035142937
6.240042671636855	9.606653309198377	0.24104140942326224	-0.8595209326156846
6.660293714466012	9.139850808725905	1.5454117221384391	0.060300273362287306
7.039688580235634	9.1610236102882	0.5916262415948441	-0.5753205101163785
6.781074124344834	9.950220386952159	0.056972377866405854	0.4263782946408675
6.943482339711382	9.700860800275303	0.06090363239632046	-0.1980644542112867
7.585097190084529	10.291260147576676	1.4049051586743693	0.5555863719974744
6.869493262867281	9.923014096164684	2.0520385027669814	0.907265707711549
6.237424351428529	10.040124760432267	0.20999356781792466	-0.3333127026585975
7.046076373326605	9.799340227727747	0.045894895763299526	-0.1751257367650075
6.16640900235264	10.130580401013386	0.2377487181578013	0.64933694408683
7.121019557042604	9.024578815743547	0.7346774971087453	1.2370872994074438
7.074365301870762	10.72068447682727	0.1025632898202935	0.15236074765633084
7.772273439925211	9.730055253056694	1.097492489107969	-0.4362751391954105
6.756053082589062	10.039961446569324	2.0233515505477238	-0.2501774382846121
7.879301886074524	10.236280577702882	0.924408060008616	0.146015886162037
5.955330802995464	9.628804439555193	0.733702571735181	-0.3722712111821472
6.9664400098594115	9.804998462509385	-0.0045815958130794865	0.1907503893474484
6.034802054177664	9.527738581219248	1.2392188030762419	-0.9703582826995845
7.222100186672998	9.482941223382523	1.7147848458062633	-0.20872219756187568
6.195846276855498	10.831956564177844	1.2102587336373412	-0.6968724527281024
6.7410074643386455	9.82266762039341	-0.04285248851469636	-0.3962343344390035
6.8043641968041975	9.929395034229714	1.9822092776094506	-0.7228827706563558
7.684908531572184	10.39228134972969	0.6359074962008662	-0.5993832722465311
6.780303041919857	9.861885203511525	0.0004539253734120452	-0.44516295204446016
6.472631480189933	9.197835003818613	0.5070207305300253	-0.09524647419801967
7.2515919208182655	10.869566136789164	1.173200331005979	-0.9817322074930205
6.723219545094081	10.925019831690403	1.2774228552847755	-0.11325154627252704
6.781008182574389	9.854281244859761	1.9778290412241393	1.1083267853395007
7.505887196838797	10.579670783405076	1.206733085372154	-0.46359757634691906
6.992334001333543	10.235914810908431	1.9167173039105496	-0.28833769320660885
6.466726577809901	9.686116193100865	0.13029435980852566	1.0447353967663375
6.601845348041778	10.197311119087045	0.051454662725090694	-0.09782283988971616
7.07337424003858	9.947470189901729	-0.00672231114213373	0.10024424253228535
5.917358517066409	9.359691642140284	0.9148218574701668	0.6998646646405172
6.074059990721061	9.490623708147691	1.5899706605655624	0.23455908134741965
6.992179412701693	10.410263761271178	1.9457768089231013	0.1354816966137122
6.645884430766277	9.064103761555923	1.2976914331784797	0.46252510804479546
6.100875067661145	10.344857950532033	1.6191947069251809	0.6613941124464131
6.77202086154248	9.997026062202615	0.07256808653665014	0.27408946772235426
7.743820952604025	10.175567006706231	0.5863269550529322	0.3080878759814825
6.67372606462175	9.721380428521545	1.9522854118925606	0.23543218209046882
6.110892399540809	10.69712054261078	0.8581604695131267	0.030279826999337758
6.920745396715973	10.020103248230875	1.8842672116443677	0.21104041227333134
6.794844583698972	10.090766205558742	0.06196018598337749	0.8644183272787185
7.182497511568866	10.64800209304694	1.699319668292977	-0.7757614056985906
6.082248776832102	10.676061117768228	0.6089852628477224	0.5632663263346039
6.861250970123553	9.988711165646961	-0.0227834588490039	-0.6033835460317429
7.082160707554442	10.133201967512303	1.8186116003919826	0.572821177738836
6.755949425185468	10.033624617663387	1.9943428171203217	-0.787706959627453
6.388149502255315	9.870379595628446	0.08719701224064014	-0.4969005627549023
5.809022714701222	10.348044653419375	1.2737759639014816	-0.32993901834828326
6.7936304539276176	9.051048159365216	0.8800397430838974	0.8587137323408919
6.781862693331329	10.436249439236722	0.03826884654771423	-0.3875014944075196
6.0661837438785975	9.426978025316792	1.3247726507515512	-0.6628312026163816
6.7941369376933505	10.026083477901969	-0.06476929080844274	-1.012053668333192
6.121556637286135	9.8122350773297	0.37469395478137113	0.5698173776675424
7.64447634411718	9.631967647095907	0.7889937986616207	0.03406396728292412
6.357981990528059	10.312213262597508	1.7694496562655475	-0.17539692118560887
6.4646626819079245	10.711624113409062	1.698142199146293	-0.13363458060651587
7.211510888352644	9.101668142682046	1.2094276182328472	-0.027754044521161633
7.36669676790515	9.850281331993394	1.6856689773952467	0.42104693527976267
6.979848569724296	10.812178297077807	1.4180397339164765	-0.4987645940309216
6.261148035336282	9.828152781913587	1.9188325332419403	0.22146987924907185
5.907869342435471	10.278113835285422	0.5980411620453765	-0.17878763256751118
6.870573824183964	9.08843129211595	1.3825260216697146	0.6197307384983453
5.898729411377201	10.053597297658236	1.0445048580848046	-0.05330623853797217
5.851218213697051	10.159466340667013	0.7434454299814848	-0.17999177368593505
6.719006320886665	9.28514576547107	0.4269799733564573	0.6824137330997466
5.887291741329201	10.179568343518008	0.7481861979004223	0.4480424772174967
7.3334783636877	10.443614739673844	1.7121742221300775	0.06483944330302371
6.318373137225321	9.391749733288103	0.3667745190025561	-0.5313264562507899
5.787762827827399	10.174246360382561	0.6900518934367201	-0.49211358948489764
7.05357245203154	9.923780751129431	0.029311706106557867	0.21636808160282442
6.7843524866854885	9.989461573949496	-0.011631830803461307	0.9410877303889804
6.6957193627839215	10.102687149870121	2.014919129832148	-0.02664936556964542
6.905436009427384	9.865345990079879	0.04789423999720277	-0.2888464514718011
6.819424588250792	9.959371117999344	2.0039053795064143	0.45159067577097123
6.880523160594157	10.02825160027846	0.08165273151888752	-0.23054694492671565
7.168307209902791	10.768420051334463	1.5339920103068425	-0.19329998253699185
6.101679650204647	9.43084000503546	0.6083035178880846	0.4710832218226518
6.676485903102628	10.111623412627829	2.023797946507006	-0.5168518128107085
6.401885555278102	9.120208303300444	1.2814751228706711	0.41498635423490693
7.556902862928197	9.477175932310324	1.268398677867772	-0.3166306831916839
6.563855698578054	9.220904318057169	1.5340611564934927	0.2868015423991495
6.734514959343093	9.211665807214608	0.2749235217653887	0.1033182550136668
7.18609855031056	10.174738535090617	0.05719818536923316	0.13315691899745508
7.750207263339513	10.04364110465623	0.604874065601705	-0.08477933382343097
6.56124766360291	10.406660173110843	1.97678241765851	0.032905974335587194
7.164477641163292	9.217280869546611	0.5832697132907021	0.646843967388478
7.0028030430968835	10.966807475649267	0.7658260996116616	0.29748020126272307
7.24811706683496	10.766936160677512	0.6267256393664394	-0.15939858864525472
7.4274156979775885	9.951575323233016	1.7496175967126892	-0.9739089217918593
6.145765236157116	10.296195817385673	1.6167250293109117	-0.35683700461773293
5.818367351835695	9.702520514266174	1.1001994789302347	0.27027611384772116
6.855062665818073	9.90213576160717	0.04273496846508951	-0.031354820171615005
5.957351863559097	10.325500809853805	0.4741454868580206	0.02889155286013406
6.738639582629071	9.174273653479997	1.595044524274514	0.23535776590554588
7.089338490560988	10.852953621678257	1.1378271587799784	-0.5481346154786546
6.255045840039946	9.342204154377193	1.3144660267915325	-0.4002121084869863
7.124561378999612	9.797222714306399	1.8639308171237627	-0.003911943935561839
6.0155794211347775	10.292138050404166	0.4476362067392472	-0.43530320452625965
7.6505626686430315	9.646163550067012	0.9128135995445309	0.07320369083881599
7.668361990446355	9.971954830008528	0.5758885795834372	-0.19431950117627883
6.992251728457818	9.408119926540408	1.785743990156214	-0.3440086097958093
7.099021467746462	9.505278406480377	0.1403211393762921	0.15352811109402098
6.737354090999471	10.227150761065671	2.0133496912047777	-0.26839724569484985
6.890386930553342	10.281951494399776	1.948539467064289	-0.4718781396038253
7.783073790977431	9.805475063805318	0.9910120501782409	-0.44845798203798654
5.8561514680878854	10.268882441980756	0.9550859496091985	0.3726036707633461
6.6005250790117005	9.926639179515389	0.009793896124991153	0.3928809452392223
6.772827408737821	9.662393706041986	0.12633772790960984	0.2968853093693243
5.880356008544776	10.37699952223485	0.6677321455782372	-0.13451918795952927
6.559232140742745	9.146949565204714	0.4560040391131652	-0.5496491946155817
6.61423786257423	9.567363815714414	0.10867950371107127	0.2707232098391107
7.18130739492949	9.505288483832885	0.19630710223166015	-0.23038044058610485
6.7474349795632875	9.922762807948484	2.012567570226259	0.43203238319291093
5.907917878246632	10.113409427932034	1.622936940482631	0.7529584745283439
6.218931240875965	9.6751614401787	1.7613789881189845	0.29862208796890344
7.737080048628336	9.926783883146934	0.6353350125545079	0.33102699903071
7.48357350525901	10.857785001624272	1.0441353298976093	-0.08465978647851896
7.1481348491258885	10.332311603972958	0.12701214921131765	-0.4043716384047976
7.581119078333803	9.759087447227634	1.5012056036390096	-0.6138086971667229
7.630197955532373	9.643668667210019	1.2237881289809531	0.09070336091894084
7.205450962242247	9.068002515460758	1.2495731735803188	1.0178108452283876
6.6521952340446315	9.778365226496943	1.934255619713868	-0.2775592048268957
7.336762094732912	10.207285169755293	1.7938676224510406	0.2709354673351103
6.694723882081869	9.553517674247912	0.1509124599372208	0.36561513146164426
6.882122183343968	9.996611306446951	0.017459331033868764	-0.31662998603850667
6.755498612562181	9.83196316091541	1.9918617732473503	0.9913816897651215
6.306168745311876	9.152711138847632	1.1711189747378967	0.1755186247858315
7.829461122003201	9.801960776366919	1.1177348488387826	-0.19052091186210157
6.428783821542362	10.11435452374817	1.972545524610564	-0.1971996875057331
7.385304656390055	10.126181254027452	0.23297493001920666	-0.9563073058389214
6.185345365268019	9.245567862785315	1.4954323137618888	0.881240240611597
6.081856126266748	10.127485803685545	0.4143047091462525	-0.06577073312717374
7.010125252662272	10.18528122707675	0.08178814216424657	0.5533894730467377
6.249388084965099	10.925681955190864	0.9737772828538094	0.1359947259388572
6.809477200016199	9.938570437207105	1.9276758839958787	0.21188434754124777
5.864708489223466	10.292902506972148	1.295597810192817	-0.15957400329677054
6.156753774978389	10.451045101982047	1.7602506831065299	0.04919430336574765
5.981872661704816	9.43678070242515	1.3264136767634787	0.18165889417656084
6.161184491262724	10.020283981026711	0.25284972073547207	-0.22790969663069452
7.252493313747279	9.817539698466634	0.25151721867431953	-0.5301499066548645
7.031613969027555	10.508277796512315	1.8273476682447825	0.18320679745853533
7.557334618498437	9.58174125623651	0.5832785237486916	0.638755251349318
6.577879973364012	9.115218774308582	0.6345672003662564	-0.15885889018350846
6.968101374286392	9.832263423346244	0.10842887888868125	0.8821248141286036
6.7158202646551945	10.078217034299094	0.009753357105391158	0.12750928257282076
6.2186579486437426	9.282857752575534	1.2916147715084703	0.6388551617568834
7.572168865086473	10.538968552753202	1.5457425499453574	-0.11352870279690344
6.121963636594815	9.868638082950564	1.7355448086634755	-0.523556300686397
7.391794495113213	10.757463726532805	1.321726301374902	-0.3994672477269926
7.037477056549932	10.068391668372596	2.023922875502706	1.0131128693813602
6.714815577061828	10.464670955253792	1.814961268457459	-0.20925754186058423
6.807115590296914	10.00742547176997	2.0364207586249528	0.20279126828126096
6.060380356826763	10.52963014642636	1.502012280361225	-0.25247130153773406
7.252063923471508	10.003844788252682	0.146208315624358	-0.3339198170964933
6.103566322767886	9.403820762726788	1.0058005782449049	-0.5348856651562868
7.576106878103171	9.879662062668976	0.3675076344715319	0.6846946547879995
6.219760884689391	9.549567975291824	0.3493020233832618	-0.15084804480476594
6.253533549149324	9.280346515395658	1.3691529424298532	-0.02937468327375341
6.6308069252093045	10.150710942450255	0.06580531398237732	-0.1293527683542623
7.42448575927223	9.763263023596071	0.2258323773783888	0.13654655113263459
7.023326282743941	10.626507077887812	1.8090560217098286	-0.004518851797363647
7.322103936411073	9.171666927363846	0.8874772270010578	-0.38242059014286084
7.665815225740391	9.907014824423788	1.4476441375173328	0.0167995073408897
7.327050444435988	10.021184500386413	1.770171018185147	0.4042597993016803
7.123605619232956	9.990461087332369	2.0392966191611372	0.0020852743384325474
6.019674390251297	10.606713840734342	0.8672486394345328	-0.9475975325897945
6.52567014033012	10.235184796646667	0.10734598244517557	-0.687140315598535
7.150840846923103	10.22423898374311	1.8756382956150777	-0.5344202066563696
6.141782098570814	10.24776809018229	1.7481553403218246	0.571051777992152
6.497356840380752	9.562152498267542	0.05376052927118202	-0.7574528058513199
7.194101574955698	9.402527203750669	1.6268238137164217	0.6915876516306919
6.512730982221897	9.662677747149566	0.04064939048247174	-1.0011396254896425
6.714453047931012	9.896737616507748	0.010480469324719355	-0.7749836363585888
6.7723318364137075	10.594184233168466	1.7732628383010693	-0.05897395741248846
6.8094247669220564	9.800205439829796	0.07163090123340499	-0.35541544406409903
6.839635631252484	9.978575768287985	-0.06643369900400375	-0.5533592764224207
6.9939265250334435	9.360436151540528	1.7632703606197038	-0.017024726116799418
5.976793725735521	10.497064541600215	0.9782714106005632	1.0714378668716065
7.675474992178122	9.691548636145754	1.384920173042035	0.1262103184947233
6.715232295348498	10.37186551064568	1.9059995018752933	-0.6589985996598098
5.898975804349953	10.111415020918692	0.5286300883723504	-0.41762625040090884
6.8188991193059865	10.916563027228307	0.5833596367414577	0.12504349951186738
7.074578718873614	10.30174590910809	0.09033466079018737	-1.5180964062451863
6.714984555038564	10.165244063863472	2.002875214328509	-0.06999407890341335
6.485894291118548	9.967030431310292	1.9435637836452657	0.320965522103973
7.0595658309630664	9.965977727653508	1.9565043496423598	0.09258970417631035
7.456333864027193	9.269089087718232	1.2701501752176874	0.13579455116420147
7.298265004688647	10.023957557826034	0.14926231874806783	-0.09151217656897037
7.3725784216880665	10.626066305462928	1.4982470544533877	-0.7769871281441438
7.206964266438522	9.535411557847674	1.8010362555981356	0.20863328876559736
7.036995079764489	9.052785884821732	1.029059061796587	0.8367793017562154
7.216812346709769	9.459473410200705	0.37127203699245137	0.4057884866592722
7.64533962945223	9.724859045778759	0.8653050008400729	-0.6637309643160697
6.901648890844454	10.5556212113472	0.18642247608719642	-0.29866093111721476
6.9690458786190455	9.992308697410149	1.9779022755695415	-0.5859450329384074
6.670747791846753	9.030163327288884	0.9509720934267201	-0.024748196850825795
5.893009147099437	10.091361818518694	0.41570829051381897	-0.7589515813339235
6.9889442704911025	10.782746981414485	0.4601882579969928	-0.2711992618264255
6.012336932118987	10.58596262538782	0.8409222176056325	0.7149683068308812
6.41722347705998	10.294577829592287	1.8847148617253677	0.030574140631061085
7.060628690323882	9.822384576034441	1.9531399126640667	0.46476796910226403
7.390622683565339	10.39277765318139	0.3190086427406408	-0.03669810954799327
6.264487711486851	9.86975742846921	0.19094009608214613	-0.2944082546442614
6.902376130360051	9.770120289190361	0.06177429083079755	0.6240115352279363
6.2297935050402105	10.06223692095128	0.17901808877957126	-0.9513983070560752
5.942748917087785	9.570874085814323	0.9526759468963658	-0.2419984227543353
6.914424047390013	10.013441711702212	1.9792646537240728	-0.5902012901458453
6.430818000582445	10.09550741693672	1.9614966038548345	-0.6355161868292909
6.820424697473133	9.779135987371792	1.9475844204662511	0.41923638560999554
7.192047970551486	9.419941578091018	1.7771392056501125	-0.004928807853272863
6.529350739580776	10.06212186482939	1.9590186051073162	-0.6996167276298113
6.507976377646122	10.22021336402335	1.9829299263604465	1.0363633373488927
6.784904276003722	10.946365869599564	1.4151058754146493	-0.0043727145553004556
5.891857081827016	10.208295150154143	1.226375718792346	-0.056163633333885535
6.334551430740198	9.27276167421715	0.602776899161428	-0.8213108158529996
6.808038467791664	9.049149819671294	0.8257980926094596	-0.25903489505862687
6.808560890266129	9.986128868662083	1.982615134070575	-0.35527420361769263
6.962216076027219	9.09560086850725	0.9159476977928223	0.35126670399486926
6.17394085127112	9.517009050599059	1.5441821411209244	-0.33735704656531107
6.543289290901347	10.802508921517248	1.3978237013015034	1.232240061578051
6.788714541096938	9.977258656072935	1.9528117582337194	-0.5271428838761368
7.619965862704181	9.670186402733588	1.2663113940172115	-0.4268172467076459
6.90296683226445	9.226963856773617	0.4055534486535647	-1.3897302115741355
6.704416842444418	10.081875718535871	2.0251487211980033	-0.9384504977002478
6.80460153486211	10.057112999022928	2.005119858656389	-0.22605470442817427
6.752797446090197	10.748084231281863	0.320928409875619	-0.2452065337621316
6.577283700942751	10.945154291795399	1.5007317263855031	-0.06673823130244448
6.855706034700171	10.05480072751322	2.016126946900685	-0.5787575002176627
6.971024143970292	9.778038769356248	-0.017218578409626595	-0.15103980008235673
7.415805540901672	10.29014008234763	0.36787024928864354	-1.1038893832697492
6.405926830458419	10.021502552817914	-0.04647918490018288	0.18043892900194772
7.683461602321394	10.006771250292836	0.6293124767963878	0.4274121434929163
6.56444252728452	10.608805433392622	0.16011168900829975	0.27821162298760377
7.697616511433292	10.316975284492788	0.4604244537897416	0.23460701511412685
6.25260890560543	9.932769792403024	1.8661690863805669	-0.028766836397169662
7.173126778501989	10.235269874327203	0.02713025521225909	0.11665192267251269
7.345043147123695	9.274379596119202	1.315205717560516	0.2879029741317174
6.362045049435382	10.038323684695973	1.9221032992605158	-0.747236410497428
6.800400269760119	9.835563298639888	1.9881592681242521	0.13248322720702996
7.035211694374275	10.171073464167947	0.032279352744505	-0.5338416761121351
6.9744864515931315	9.207942252057414	0.3591314752060176	-0.37890408278941934
6.741543898677923	9.49612526381741	0.08716181887572838	-0.3411345131078643
6.8399489325433676	9.964477308081724	-0.012111891290665255	0.6826866735668481
6.639352931034465	9.183327982948574	1.5898734766190947	0.6434247283891911
6.2923296354758556	10.730370340755627	0.5021705610331284	-0.47740783089037647
7.703864105956192	9.60855140079252	1.0467005667510565	-0.8597949433949486
7.421895678493289	10.092817812585105	0.18718784864763882	-0.8369916258648568
6.569000641337045	10.106486745256193	0.06026537419061695	0.5787756844665533
6.908932252881615	9.94899215507739	-0.058423488308038785	0.17884587290204862
6.690328385954633	10.154607431423809	1.9921422257663213	-0.17340557028571132
5.869991714771312	10.518226699119488	0.8935382771671386	-0.04201631424864865
6.697472609400455	9.828704388993089	0.054124838672093945	-0.08402417956936437
5.833100090918132	10.007670434917017	0.9298818835937551	-0.00261641744737792
6.8241777541015685	10.980652081661212	1.2304384260366463	-1.4076510009320458
7.188938585520865	9.284233911526796	1.5072031089421198	0.19480174253963523
7.6505788063856714	9.636177810063865	0.7123680659841563	0.7654404395357798
7.280246905205951	10.828049035481213	1.1749722311260247	-0.8652829490910943
6.923558442065144	9.239892712190473	0.4873164463366364	0.0013784608087900837
6.875308294737673	9.991397595272804	0.04040466437219914	0.7536349875164211
7.2840321098463745	9.3247909468631	0.4361321868054	0.19088667302133477
6.197777703788096	10.782327131237604	1.1515627821695202	0.48238481292898466
6.629708066619293	10.311625854293604	1.948746261731135	0.7865701991608052
6.556309955280822	9.008579104826294	1.0940488670660284	-0.3259636858913982
7.388505300505922	9.51289251675897	0.43625528271994873	-0.10546963594630265
6.940386030075159	9.998620894422318	2.0486528108721553	-0.07164705851253408
6.65516081841663	9.669673348485274	0.12961109904866996	-1.053019714582012
6.734049679377697	10.146746347537876	0.0018599048964095255	0.963942275252709
6.654945941211319	10.385265605861257	1.895931863615544	-0.6335270444000716
5.9043411420083975	10.197066491529174	0.6291770752632335	-0.3339393916987511
6.674205053606074	9.17812765391835	1.5221959159968208	0.35039601911344465
7.120896265918742	9.678615611298909	1.9285527194244765	0.18680965295450128
7.596761137525137	9.64901990363343	0.4934799838805999	0.7971277956927277
6.9904354547200365	9.843537594706627	1.9425465971929685	-0.6520931403551188
6.759110319824096	9.65466588631759	2.040605175474142	0.5378890789698125
7.548781726493429	10.053650439408223	1.5994620755392726	0.1729986406425661
6.2291177924327075	9.085934462466657	1.0853987908076181	0.611923511229761
6.79372506941239	9.337162550702617	1.7238045985257542	0.28783863301823426
6.541554381971958	10.073767992585239	-0.05082953652354516	0.14799983923490104
7.010072469940515	10.150582086014342	2.038792399537395	0.332330172353776
6.739381818773822	9.911648524363596	0.07852670459736688	-0.2959987231704018
5.855148577883905	9.784302161304204	0.9692011474161157	0.3328999510253848
7.512342613392011	10.05862258052363	1.7714115108645887	0.17096202570242397
6.955711473609906	8.98738556154372	1.294407698005525	-1.1310376530296415
5.819229832006539	10.044559979520884	0.5281526493115507	-0.151918628108041
6.288331262273495	10.386638900711294	0.26591743699232795	-0.410175074717522
7.562443953815767	10.568375721989597	0.6682118569268504	0.086922998749487
6.229666785239045	10.454400249119798	0.32844050500524036	0.36607249809657866
6.12862857310016	10.491840299625382	1.3303998128942847	-0.10418717505841633
6.599932091095785	9.522238370237622	1.88289319754286	0.48783719319558716
6.198261662578374	10.036421584312404	0.20681211946409417	-0.6447300925507059
7.747328364753781	10.240868091073745	1.2975092861733561	0.23989495184315066
7.732870368698751	10.288179932315009	1.1300073741984675	-0.40563821797648403
7.497203247204443	9.136923028979853	1.2508658528909475	0.9689085068859953
6.660015839889944	9.773780485881995	1.8949928713052078	0.11866889679769183
6.522234835053565	9.808194138955882	0.12726258936241364	-0.6830729236314723
6.802909052800658	9.996875024995301	0.04948327512901496	0.5983914873279155
6.674792218050836	9.740664536311439	1.896631070677042	0.3908427014247923
7.276746457763365	9.141440581661742	0.5130460620451296	-0.2343332802242781
7.107093893160012	9.220252789027285	1.5958345738465698	-0.03294611986124802
7.229108940575607	9.02395341634663	0.9295374216256557	-0.16720239961513658
6.641368344528969	10.49975350936413	0.07511263644625288	0.5110186253585618
7.066914381658031	9.313716828235496	0.33181946278898744	-0.15940602576659846
6.457235791425318	10.235093676854078	1.8458955400236903	0.3747001805462494
6.47599266115238	11.043154216660913	1.0849079561108261	0.9234829544939887
7.384916544352715	9.252979661223948	0.5698773495902243	-0.13738343366934427
7.680534754974182	10.38409601261792	1.0893579025074691	-0.5346276230126683
6.661563671243511	8.984143288627555	0.8626260721845114	0.5313167440285904
6.778328282294262	9.56238998985013	1.899436376765285	-0.10305215926762781
6.86078111270802	10.048001503885606	2.1241171630660913	0.17549453651662908
7.143420990727415	10.899079389936963	1.4733329897543461	-0.06535957385727853
6.109762068729281	9.981733370477308	1.7268450441371803	-0.5944990995154842
5.970935053222782	10.000329067700287	1.5580085198881128	0.516923634657051
7.300443856740808	10.358732842911083	0.2024049682904968	-0.14447146750840784
6.81981033069151	9.48117257007085	0.18054078604422863	-0.312036647317393
7.553852574081584	10.618951457704716	0.7623815593238177	-0.5218272946928384
6.4103561702967	9.892148527890203	0.05025611957484466	-0.30113873873925395
6.421464066597721	10.187254761758618	0.04083162016109443	-0.6121261026395224
6.949382553164945	9.324799474089632	0.29526570117182693	0.4779814762954563
6.659027938694481	9.626577724821953	1.9355144289959305	1.137515409415818
6.572379215434761	10.091881356728802	-0.03328054458001484	0.1270301028556887
7.092903962788205	9.782663250097025	0.0889555403628427	-0.6216719682861183
6.947073576402659	8.980284569052037	0.7452093664498551	-0.4948926130618731
6.253350876251537	10.563661461369444	1.5026941442053623	0.1881154655172306
6.587851121739647	9.975554148008968	-0.027154671565006172	0.77761355437664
5.923495678183773	10.42262424973067	0.6285174428318652	0.514797380625157
7.463232157327239	10.084495268885709	1.7473184315064756	-0.2383558690246228
7.150071955441303	11.093038088788312	1.0837299356858592	-0.31166966507056965
6.946633145339106	9.875952391945273	2.0273656385079573	1.2131720029917952
6.602754026720334	10.97366025811407	1.0694947541119852	-0.3541908102819997
6.839846734651753	10.880485597820405	1.383570147218116	-0.4592502580512416
7.0858588450264826	9.615789422400992	1.9127876670875903	1.2551160795253402
5.970861406043925	9.518729835571163	1.2138722975444436	-0.8329113126619366
7.567005199214454	10.578417866941928	1.3594373307315997	0.15884840763269598
6.292115539550476	9.17221475719326	1.174827913128299	-0.390930051700437
7.1868510437300355	9.977099169743083	0.026469077147621478	0.10158456944704565
7.164568365685481	9.694769332724391	1.8443977385409445	0.02578711074167636
6.809999028234643	9.951188121005552	0.13363378466834053	-0.7730736524294796
6.344514559171607	10.531650004328243	0.2907843891347569	0.6518760377344163
7.143962957586956	9.053019797521173	1.0165090594181851	0.31116864580176623
6.782462675557468	10.05659447690149	1.9936386342881542	-0.5304681998329839
7.0277355198228495	9.087984416657546	1.317299978734733	0.02147256030067057
5.83629744830014	9.92654686613951	0.8471480775743312	-0.017135787799981362
5.874600042332279	10.373251811374837	0.7144991444988759	-0.7009161988203463
7.041294815623013	10.053826554724619	0.0014502855518724322	0.21098262105844207
6.377650445340204	9.509990625933417	0.2771039303983902	0.051726156914777555
6.6498968612716975	9.94824257145126	2.012099256430966	-0.25792245491435917
7.013953613546687	10.178525382189264	1.9922828433338111	-0.43936267358433273
6.423584063722245	9.284839733014277	0.4206369779903971	0.11497644290492728
6.667375324923674	10.043770466190022	2.1045292326588334	-0.006139201393100529
6.814045299501994	8.9606672009935	1.018739239356541	0.7239187300466516
6.162101899224192	10.518968071707947	1.5799639007690651	0.394164865806018
5.743281735364828	10.089682105943009	1.2092212158700604	-0.7210876190431293
6.77289338194523	9.936683152730884	1.974864742963403	0.04838806221318173
6.344690281876072	9.659683662699766	0.09266372245305388	0.23325438932470097
6.718471453700917	10.576951773725494	1.837530233762756	0.5475403738886419
6.829162883891886	10.104057826548758	-0.054546083428074654	0.3601279652997272
6.901005140183117	10.011133748999704	1.9313449175003883	0.25069192301787663
7.700977494339218	9.849468868909334	1.0825661082453584	0.9260715321161709
6.899033339683389	9.18878720438489	0.401121699970412	0.4394940146650844
7.382580254277574	9.454069465720744	1.619715735963796	-0.1556885884268131
6.091615141770823	9.701611097928486	1.6535792837252283	-0.35011184860794975
6.270530797793293	10.3247478148032	1.78386338878685	-0.07292659411310223
6.410487104718473	9.126034372393113	1.195916082008618	-0.33693045234962216
6.828919729659233	9.090199654986485	1.4751858545101713	-0.6486903393742013
6.422960367798506	10.18014250863425	0.13011489302136103	0.024907044912297435
6.741474873431948	10.800313189066552	1.6035848256256484	0.9745435603560594
7.717606814420869	9.970402497526871	1.1884639444409149	1.1159348143343237
7.071906663113045	9.339026521314628	0.2871990440172195	-0.014927112120186718
6.405141714100623	9.32392821193328	0.41199026995015553	-0.4731961338661529
6.900923895460071	10.132179590873347	-0.033167060558062955	0.7358835719878312
7.601706213144839	10.42792278388881	0.5159231390403468	0.23626225324430639
6.702949770213807	8.996806664417605	1.0813943592357231	-0.47130823890470397
7.418044052670294	9.789022186691854	0.33752553523391404	0.9682762426846787
6.858716946685305	9.107277873497917	0.5287746543016953	-0.26519437418972563
6.7803287008640885	9.837108139897348	2.0708475958631922	0.35016387235571733
7.284714409740785	10.37649114211901	1.8450863127939572	-0.5909806848176253